0 1 -50.0
0 2 -50.0
0 10 -50.0
0 11 -50.0
0 12 -50.0
0 20 -50.0
0 21 -50.0
1 0 -50.0
1 2 -50.0
1 3 -50.0
1 10 -50.0
1 11 -50.0
1 12 -50.0
1 13 -50.0
1 20 -50.0
1 21 -50.0
1 22 -50.0
2 0 -50.0
2 1 -50.0
2 3 -50.0
2 4 -50.0
2 10 -50.0
2 11 -50.0
2 12 -50.0
2 13 -50.0
2 14 -50.0
2 21 -50.0
2 22 -50.0
2 23 -50.0
3 1 -50.0
3 2 -50.0
3 4 -50.0
3 5 -50.0
3 11 -50.0
3 12 -50.0
3 13 -50.0
3 14 -50.0
3 15 -50.0
3 22 -50.0
3 23 -50.0
3 24 -50.0
4 2 -50.0
4 3 -50.0
4 5 -50.0
4 6 -50.0
4 12 -50.0
4 13 -50.0
4 14 -50.0
4 15 -50.0
4 16 -50.0
4 23 -50.0
4 24 -50.0
4 25 -50.0
5 3 -50.0
5 4 -50.0
5 6 -50.0
5 7 -50.0
5 13 -50.0
5 14 -50.0
5 15 -50.0
5 16 -50.0
5 17 -50.0
5 24 -50.0
5 25 -50.0
5 26 -50.0
6 4 -50.0
6 5 -50.0
6 7 -50.0
6 8 -50.0
6 14 -50.0
6 15 -50.0
6 16 -50.0
6 17 -50.0
6 18 -50.0
6 25 -50.0
6 26 -50.0
6 27 -50.0
7 5 -50.0
7 6 -50.0
7 8 -50.0
7 9 -50.0
7 15 -50.0
7 16 -50.0
7 17 -50.0
7 18 -50.0
7 19 -50.0
7 26 -50.0
7 27 -50.0
7 28 -50.0
8 6 -50.0
8 7 -50.0
8 9 -50.0
8 16 -50.0
8 17 -50.0
8 18 -50.0
8 19 -50.0
8 27 -50.0
8 28 -50.0
8 29 -50.0
9 7 -50.0
9 8 -50.0
9 17 -50.0
9 18 -50.0
9 19 -50.0
9 28 -50.0
9 29 -50.0
10 0 -50.0
10 1 -50.0
10 2 -50.0
10 11 -50.0
10 12 -50.0
10 20 -50.0
10 21 -50.0
10 22 -50.0
10 30 -50.0
10 31 -50.0
11 0 -50.0
11 1 -50.0
11 2 -50.0
11 3 -50.0
11 10 -50.0
11 12 -50.0
11 13 -50.0
11 20 -50.0
11 21 -50.0
11 22 -50.0
11 23 -50.0
11 30 -50.0
11 31 -50.0
11 32 -50.0
12 0 -50.0
12 1 -50.0
12 2 -50.0
12 3 -50.0
12 4 -50.0
12 10 -50.0
12 11 -50.0
12 13 -50.0
12 14 -50.0
12 20 -50.0
12 21 -50.0
12 22 -50.0
12 23 -50.0
12 24 -50.0
12 31 -50.0
12 32 -50.0
12 33 -50.0
13 1 -50.0
13 2 -50.0
13 3 -50.0
13 4 -50.0
13 5 -50.0
13 11 -50.0
13 12 -50.0
13 14 -50.0
13 15 -50.0
13 21 -50.0
13 22 -50.0
13 23 -50.0
13 24 -50.0
13 25 -50.0
13 32 -50.0
13 33 -50.0
13 34 -50.0
14 2 -50.0
14 3 -50.0
14 4 -50.0
14 5 -50.0
14 6 -50.0
14 12 -50.0
14 13 -50.0
14 15 -50.0
14 16 -50.0
14 22 -50.0
14 23 -50.0
14 24 -50.0
14 25 -50.0
14 26 -50.0
14 33 -50.0
14 34 -50.0
14 35 -50.0
15 3 -50.0
15 4 -50.0
15 5 -50.0
15 6 -50.0
15 7 -50.0
15 13 -50.0
15 14 -50.0
15 16 -50.0
15 17 -50.0
15 23 -50.0
15 24 -50.0
15 25 -50.0
15 26 -50.0
15 27 -50.0
15 34 -50.0
15 35 -50.0
15 36 -50.0
16 4 -50.0
16 5 -50.0
16 6 -50.0
16 7 -50.0
16 8 -50.0
16 14 -50.0
16 15 -50.0
16 17 -50.0
16 18 -50.0
16 24 -50.0
16 25 -50.0
16 26 -50.0
16 27 -50.0
16 28 -50.0
16 35 -50.0
16 36 -50.0
16 37 -50.0
17 5 -50.0
17 6 -50.0
17 7 -50.0
17 8 -50.0
17 9 -50.0
17 15 -50.0
17 16 -50.0
17 18 -50.0
17 19 -50.0
17 25 -50.0
17 26 -50.0
17 27 -50.0
17 28 -50.0
17 29 -50.0
17 36 -50.0
17 37 -50.0
17 38 -50.0
18 6 -50.0
18 7 -50.0
18 8 -50.0
18 9 -50.0
18 16 -50.0
18 17 -50.0
18 19 -50.0
18 26 -50.0
18 27 -50.0
18 28 -50.0
18 29 -50.0
18 37 -50.0
18 38 -50.0
18 39 -50.0
19 7 -50.0
19 8 -50.0
19 9 -50.0
19 17 -50.0
19 18 -50.0
19 27 -50.0
19 28 -50.0
19 29 -50.0
19 38 -50.0
19 39 -50.0
20 0 -50.0
20 1 -50.0
20 10 -50.0
20 11 -50.0
20 12 -50.0
20 21 -50.0
20 22 -50.0
20 30 -50.0
20 31 -50.0
20 32 -50.0
20 40 -50.0
20 41 -50.0
21 0 -50.0
21 1 -50.0
21 2 -50.0
21 10 -50.0
21 11 -50.0
21 12 -50.0
21 13 -50.0
21 20 -50.0
21 22 -50.0
21 23 -50.0
21 30 -50.0
21 31 -50.0
21 32 -50.0
21 33 -50.0
21 40 -50.0
21 41 -50.0
21 42 -50.0
22 1 -50.0
22 2 -50.0
22 3 -50.0
22 10 -50.0
22 11 -50.0
22 12 -50.0
22 13 -50.0
22 14 -50.0
22 20 -50.0
22 21 -50.0
22 23 -50.0
22 24 -50.0
22 30 -50.0
22 31 -50.0
22 32 -50.0
22 33 -50.0
22 34 -50.0
22 41 -50.0
22 42 -50.0
22 43 -50.0
23 2 -50.0
23 3 -50.0
23 4 -50.0
23 11 -50.0
23 12 -50.0
23 13 -50.0
23 14 -50.0
23 15 -50.0
23 21 -50.0
23 22 -50.0
23 24 -50.0
23 25 -50.0
23 31 -50.0
23 32 -50.0
23 33 -50.0
23 34 -50.0
23 35 -50.0
23 42 -50.0
23 43 -50.0
23 44 -50.0
24 3 -50.0
24 4 -50.0
24 5 -50.0
24 12 -50.0
24 13 -50.0
24 14 -50.0
24 15 -50.0
24 16 -50.0
24 22 -50.0
24 23 -50.0
24 25 -50.0
24 26 -50.0
24 32 -50.0
24 33 -50.0
24 34 -50.0
24 35 -50.0
24 36 -50.0
24 43 -50.0
24 44 -50.0
24 45 -50.0
25 4 -50.0
25 5 -50.0
25 6 -50.0
25 13 -50.0
25 14 -50.0
25 15 -50.0
25 16 -50.0
25 17 -50.0
25 23 -50.0
25 24 -50.0
25 26 -50.0
25 27 -50.0
25 33 -50.0
25 34 -50.0
25 35 -50.0
25 36 -50.0
25 37 -50.0
25 44 -50.0
25 45 -50.0
25 46 -50.0
26 5 -50.0
26 6 -50.0
26 7 -50.0
26 14 -50.0
26 15 -50.0
26 16 -50.0
26 17 -50.0
26 18 -50.0
26 24 -50.0
26 25 -50.0
26 27 -50.0
26 28 -50.0
26 34 -50.0
26 35 -50.0
26 36 -50.0
26 37 -50.0
26 38 -50.0
26 45 -50.0
26 46 -50.0
26 47 -50.0
27 6 -50.0
27 7 -50.0
27 8 -50.0
27 15 -50.0
27 16 -50.0
27 17 -50.0
27 18 -50.0
27 19 -50.0
27 25 -50.0
27 26 -50.0
27 28 -50.0
27 29 -50.0
27 35 -50.0
27 36 -50.0
27 37 -50.0
27 38 -50.0
27 39 -50.0
27 46 -50.0
27 47 -50.0
27 48 -50.0
28 7 -50.0
28 8 -50.0
28 9 -50.0
28 16 -50.0
28 17 -50.0
28 18 -50.0
28 19 -50.0
28 26 -50.0
28 27 -50.0
28 29 -50.0
28 36 -50.0
28 37 -50.0
28 38 -50.0
28 39 -50.0
28 47 -50.0
28 48 -50.0
28 49 -50.0
29 8 -50.0
29 9 -50.0
29 17 -50.0
29 18 -50.0
29 19 -50.0
29 27 -50.0
29 28 -50.0
29 37 -50.0
29 38 -50.0
29 39 -50.0
29 48 -50.0
29 49 -50.0
30 10 -50.0
30 11 -50.0
30 20 -50.0
30 21 -50.0
30 22 -50.0
30 31 -50.0
30 32 -50.0
30 40 -50.0
30 41 -50.0
30 42 -50.0
30 50 -50.0
30 51 -50.0
31 10 -50.0
31 11 -50.0
31 12 -50.0
31 20 -50.0
31 21 -50.0
31 22 -50.0
31 23 -50.0
31 30 -50.0
31 32 -50.0
31 33 -50.0
31 40 -50.0
31 41 -50.0
31 42 -50.0
31 43 -50.0
31 50 -50.0
31 51 -50.0
31 52 -50.0
32 11 -50.0
32 12 -50.0
32 13 -50.0
32 20 -50.0
32 21 -50.0
32 22 -50.0
32 23 -50.0
32 24 -50.0
32 30 -50.0
32 31 -50.0
32 33 -50.0
32 34 -50.0
32 40 -50.0
32 41 -50.0
32 42 -50.0
32 43 -50.0
32 44 -50.0
32 51 -50.0
32 52 -50.0
32 53 -50.0
33 12 -50.0
33 13 -50.0
33 14 -50.0
33 21 -50.0
33 22 -50.0
33 23 -50.0
33 24 -50.0
33 25 -50.0
33 31 -50.0
33 32 -50.0
33 34 -50.0
33 35 -50.0
33 41 -50.0
33 42 -50.0
33 43 -50.0
33 44 -50.0
33 45 -50.0
33 52 -50.0
33 53 -50.0
33 54 -50.0
34 13 -50.0
34 14 -50.0
34 15 -50.0
34 22 -50.0
34 23 -50.0
34 24 -50.0
34 25 -50.0
34 26 -50.0
34 32 -50.0
34 33 -50.0
34 35 -50.0
34 36 -50.0
34 42 -50.0
34 43 -50.0
34 44 -50.0
34 45 -50.0
34 46 -50.0
34 53 -50.0
34 54 -50.0
34 55 -50.0
35 14 -50.0
35 15 -50.0
35 16 -50.0
35 23 -50.0
35 24 -50.0
35 25 -50.0
35 26 -50.0
35 27 -50.0
35 33 -50.0
35 34 -50.0
35 36 -50.0
35 37 -50.0
35 43 -50.0
35 44 -50.0
35 45 -50.0
35 46 -50.0
35 47 -50.0
35 54 -50.0
35 55 -50.0
35 56 -50.0
36 15 -50.0
36 16 -50.0
36 17 -50.0
36 24 -50.0
36 25 -50.0
36 26 -50.0
36 27 -50.0
36 28 -50.0
36 34 -50.0
36 35 -50.0
36 37 -50.0
36 38 -50.0
36 44 -50.0
36 45 -50.0
36 46 -50.0
36 47 -50.0
36 48 -50.0
36 55 -50.0
36 56 -50.0
36 57 -50.0
37 16 -50.0
37 17 -50.0
37 18 -50.0
37 25 -50.0
37 26 -50.0
37 27 -50.0
37 28 -50.0
37 29 -50.0
37 35 -50.0
37 36 -50.0
37 38 -50.0
37 39 -50.0
37 45 -50.0
37 46 -50.0
37 47 -50.0
37 48 -50.0
37 49 -50.0
37 56 -50.0
37 57 -50.0
37 58 -50.0
38 17 -50.0
38 18 -50.0
38 19 -50.0
38 26 -50.0
38 27 -50.0
38 28 -50.0
38 29 -50.0
38 36 -50.0
38 37 -50.0
38 39 -50.0
38 46 -50.0
38 47 -50.0
38 48 -50.0
38 49 -50.0
38 57 -50.0
38 58 -50.0
38 59 -50.0
39 18 -50.0
39 19 -50.0
39 27 -50.0
39 28 -50.0
39 29 -50.0
39 37 -50.0
39 38 -50.0
39 47 -50.0
39 48 -50.0
39 49 -50.0
39 58 -50.0
39 59 -50.0
40 20 -50.0
40 21 -50.0
40 30 -50.0
40 31 -50.0
40 32 -50.0
40 41 -50.0
40 42 -50.0
40 50 -50.0
40 51 -50.0
40 52 -50.0
40 60 -50.0
40 61 -50.0
41 20 -50.0
41 21 -50.0
41 22 -50.0
41 30 -50.0
41 31 -50.0
41 32 -50.0
41 33 -50.0
41 40 -50.0
41 42 -50.0
41 43 -50.0
41 50 -50.0
41 51 -50.0
41 52 -50.0
41 53 -50.0
41 60 -50.0
41 61 -50.0
41 62 -50.0
42 21 -50.0
42 22 -50.0
42 23 -50.0
42 30 -50.0
42 31 -50.0
42 32 -50.0
42 33 -50.0
42 34 -50.0
42 40 -50.0
42 41 -50.0
42 43 -50.0
42 44 -50.0
42 50 -50.0
42 51 -50.0
42 52 -50.0
42 53 -50.0
42 54 -50.0
42 61 -50.0
42 62 -50.0
42 63 -50.0
43 22 -50.0
43 23 -50.0
43 24 -50.0
43 31 -50.0
43 32 -50.0
43 33 -50.0
43 34 -50.0
43 35 -50.0
43 41 -50.0
43 42 -50.0
43 44 -50.0
43 45 -50.0
43 51 -50.0
43 52 -50.0
43 53 -50.0
43 54 -50.0
43 55 -50.0
43 62 -50.0
43 63 -50.0
43 64 -50.0
44 23 -50.0
44 24 -50.0
44 25 -50.0
44 32 -50.0
44 33 -50.0
44 34 -50.0
44 35 -50.0
44 36 -50.0
44 42 -50.0
44 43 -50.0
44 45 -50.0
44 46 -50.0
44 52 -50.0
44 53 -50.0
44 54 -50.0
44 55 -50.0
44 56 -50.0
44 63 -50.0
44 64 -50.0
44 65 -50.0
45 24 -50.0
45 25 -50.0
45 26 -50.0
45 33 -50.0
45 34 -50.0
45 35 -50.0
45 36 -50.0
45 37 -50.0
45 43 -50.0
45 44 -50.0
45 46 -50.0
45 47 -50.0
45 53 -50.0
45 54 -50.0
45 55 -50.0
45 56 -50.0
45 57 -50.0
45 64 -50.0
45 65 -50.0
45 66 -50.0
46 25 -50.0
46 26 -50.0
46 27 -50.0
46 34 -50.0
46 35 -50.0
46 36 -50.0
46 37 -50.0
46 38 -50.0
46 44 -50.0
46 45 -50.0
46 47 -50.0
46 48 -50.0
46 54 -50.0
46 55 -50.0
46 56 -50.0
46 57 -50.0
46 58 -50.0
46 65 -50.0
46 66 -50.0
46 67 -50.0
47 26 -50.0
47 27 -50.0
47 28 -50.0
47 35 -50.0
47 36 -50.0
47 37 -50.0
47 38 -50.0
47 39 -50.0
47 45 -50.0
47 46 -50.0
47 48 -50.0
47 49 -50.0
47 55 -50.0
47 56 -50.0
47 57 -50.0
47 58 -50.0
47 59 -50.0
47 66 -50.0
47 67 -50.0
47 68 -50.0
48 27 -50.0
48 28 -50.0
48 29 -50.0
48 36 -50.0
48 37 -50.0
48 38 -50.0
48 39 -50.0
48 46 -50.0
48 47 -50.0
48 49 -50.0
48 56 -50.0
48 57 -50.0
48 58 -50.0
48 59 -50.0
48 67 -50.0
48 68 -50.0
48 69 -50.0
49 28 -50.0
49 29 -50.0
49 37 -50.0
49 38 -50.0
49 39 -50.0
49 47 -50.0
49 48 -50.0
49 57 -50.0
49 58 -50.0
49 59 -50.0
49 68 -50.0
49 69 -50.0
50 30 -50.0
50 31 -50.0
50 40 -50.0
50 41 -50.0
50 42 -50.0
50 51 -50.0
50 52 -50.0
50 60 -50.0
50 61 -50.0
50 62 -50.0
50 70 -50.0
50 71 -50.0
51 30 -50.0
51 31 -50.0
51 32 -50.0
51 40 -50.0
51 41 -50.0
51 42 -50.0
51 43 -50.0
51 50 -50.0
51 52 -50.0
51 53 -50.0
51 60 -50.0
51 61 -50.0
51 62 -50.0
51 63 -50.0
51 70 -50.0
51 71 -50.0
51 72 -50.0
52 31 -50.0
52 32 -50.0
52 33 -50.0
52 40 -50.0
52 41 -50.0
52 42 -50.0
52 43 -50.0
52 44 -50.0
52 50 -50.0
52 51 -50.0
52 53 -50.0
52 54 -50.0
52 60 -50.0
52 61 -50.0
52 62 -50.0
52 63 -50.0
52 64 -50.0
52 71 -50.0
52 72 -50.0
52 73 -50.0
53 32 -50.0
53 33 -50.0
53 34 -50.0
53 41 -50.0
53 42 -50.0
53 43 -50.0
53 44 -50.0
53 45 -50.0
53 51 -50.0
53 52 -50.0
53 54 -50.0
53 55 -50.0
53 61 -50.0
53 62 -50.0
53 63 -50.0
53 64 -50.0
53 65 -50.0
53 72 -50.0
53 73 -50.0
53 74 -50.0
54 33 -50.0
54 34 -50.0
54 35 -50.0
54 42 -50.0
54 43 -50.0
54 44 -50.0
54 45 -50.0
54 46 -50.0
54 52 -50.0
54 53 -50.0
54 55 -50.0
54 56 -50.0
54 62 -50.0
54 63 -50.0
54 64 -50.0
54 65 -50.0
54 66 -50.0
54 73 -50.0
54 74 -50.0
54 75 -50.0
55 34 -50.0
55 35 -50.0
55 36 -50.0
55 43 -50.0
55 44 -50.0
55 45 -50.0
55 46 -50.0
55 47 -50.0
55 53 -50.0
55 54 -50.0
55 56 -50.0
55 57 -50.0
55 63 -50.0
55 64 -50.0
55 65 -50.0
55 66 -50.0
55 67 -50.0
55 74 -50.0
55 75 -50.0
55 76 -50.0
56 35 -50.0
56 36 -50.0
56 37 -50.0
56 44 -50.0
56 45 -50.0
56 46 -50.0
56 47 -50.0
56 48 -50.0
56 54 -50.0
56 55 -50.0
56 57 -50.0
56 58 -50.0
56 64 -50.0
56 65 -50.0
56 66 -50.0
56 67 -50.0
56 68 -50.0
56 75 -50.0
56 76 -50.0
56 77 -50.0
57 36 -50.0
57 37 -50.0
57 38 -50.0
57 45 -50.0
57 46 -50.0
57 47 -50.0
57 48 -50.0
57 49 -50.0
57 55 -50.0
57 56 -50.0
57 58 -50.0
57 59 -50.0
57 65 -50.0
57 66 -50.0
57 67 -50.0
57 68 -50.0
57 69 -50.0
57 76 -50.0
57 77 -50.0
57 78 -50.0
58 37 -50.0
58 38 -50.0
58 39 -50.0
58 46 -50.0
58 47 -50.0
58 48 -50.0
58 49 -50.0
58 56 -50.0
58 57 -50.0
58 59 -50.0
58 66 -50.0
58 67 -50.0
58 68 -50.0
58 69 -50.0
58 77 -50.0
58 78 -50.0
58 79 -50.0
59 38 -50.0
59 39 -50.0
59 47 -50.0
59 48 -50.0
59 49 -50.0
59 57 -50.0
59 58 -50.0
59 67 -50.0
59 68 -50.0
59 69 -50.0
59 78 -50.0
59 79 -50.0
60 40 -50.0
60 41 -50.0
60 50 -50.0
60 51 -50.0
60 52 -50.0
60 61 -50.0
60 62 -50.0
60 70 -50.0
60 71 -50.0
60 72 -50.0
60 80 -50.0
60 81 -50.0
61 40 -50.0
61 41 -50.0
61 42 -50.0
61 50 -50.0
61 51 -50.0
61 52 -50.0
61 53 -50.0
61 60 -50.0
61 62 -50.0
61 63 -50.0
61 70 -50.0
61 71 -50.0
61 72 -50.0
61 73 -50.0
61 80 -50.0
61 81 -50.0
61 82 -50.0
62 41 -50.0
62 42 -50.0
62 43 -50.0
62 50 -50.0
62 51 -50.0
62 52 -50.0
62 53 -50.0
62 54 -50.0
62 60 -50.0
62 61 -50.0
62 63 -50.0
62 64 -50.0
62 70 -50.0
62 71 -50.0
62 72 -50.0
62 73 -50.0
62 74 -50.0
62 81 -50.0
62 82 -50.0
62 83 -50.0
63 42 -50.0
63 43 -50.0
63 44 -50.0
63 51 -50.0
63 52 -50.0
63 53 -50.0
63 54 -50.0
63 55 -50.0
63 61 -50.0
63 62 -50.0
63 64 -50.0
63 65 -50.0
63 71 -50.0
63 72 -50.0
63 73 -50.0
63 74 -50.0
63 75 -50.0
63 82 -50.0
63 83 -50.0
63 84 -50.0
64 43 -50.0
64 44 -50.0
64 45 -50.0
64 52 -50.0
64 53 -50.0
64 54 -50.0
64 55 -50.0
64 56 -50.0
64 62 -50.0
64 63 -50.0
64 65 -50.0
64 66 -50.0
64 72 -50.0
64 73 -50.0
64 74 -50.0
64 75 -50.0
64 76 -50.0
64 83 -50.0
64 84 -50.0
64 85 -50.0
65 44 -50.0
65 45 -50.0
65 46 -50.0
65 53 -50.0
65 54 -50.0
65 55 -50.0
65 56 -50.0
65 57 -50.0
65 63 -50.0
65 64 -50.0
65 66 -50.0
65 67 -50.0
65 73 -50.0
65 74 -50.0
65 75 -50.0
65 76 -50.0
65 77 -50.0
65 84 -50.0
65 85 -50.0
65 86 -50.0
66 45 -50.0
66 46 -50.0
66 47 -50.0
66 54 -50.0
66 55 -50.0
66 56 -50.0
66 57 -50.0
66 58 -50.0
66 64 -50.0
66 65 -50.0
66 67 -50.0
66 68 -50.0
66 74 -50.0
66 75 -50.0
66 76 -50.0
66 77 -50.0
66 78 -50.0
66 85 -50.0
66 86 -50.0
66 87 -50.0
67 46 -50.0
67 47 -50.0
67 48 -50.0
67 55 -50.0
67 56 -50.0
67 57 -50.0
67 58 -50.0
67 59 -50.0
67 65 -50.0
67 66 -50.0
67 68 -50.0
67 69 -50.0
67 75 -50.0
67 76 -50.0
67 77 -50.0
67 78 -50.0
67 79 -50.0
67 86 -50.0
67 87 -50.0
67 88 -50.0
68 47 -50.0
68 48 -50.0
68 49 -50.0
68 56 -50.0
68 57 -50.0
68 58 -50.0
68 59 -50.0
68 66 -50.0
68 67 -50.0
68 69 -50.0
68 76 -50.0
68 77 -50.0
68 78 -50.0
68 79 -50.0
68 87 -50.0
68 88 -50.0
68 89 -50.0
69 48 -50.0
69 49 -50.0
69 57 -50.0
69 58 -50.0
69 59 -50.0
69 67 -50.0
69 68 -50.0
69 77 -50.0
69 78 -50.0
69 79 -50.0
69 88 -50.0
69 89 -50.0
70 50 -50.0
70 51 -50.0
70 60 -50.0
70 61 -50.0
70 62 -50.0
70 71 -50.0
70 72 -50.0
70 80 -50.0
70 81 -50.0
70 82 -50.0
70 90 -50.0
70 91 -50.0
71 50 -50.0
71 51 -50.0
71 52 -50.0
71 60 -50.0
71 61 -50.0
71 62 -50.0
71 63 -50.0
71 70 -50.0
71 72 -50.0
71 73 -50.0
71 80 -50.0
71 81 -50.0
71 82 -50.0
71 83 -50.0
71 90 -50.0
71 91 -50.0
71 92 -50.0
72 51 -50.0
72 52 -50.0
72 53 -50.0
72 60 -50.0
72 61 -50.0
72 62 -50.0
72 63 -50.0
72 64 -50.0
72 70 -50.0
72 71 -50.0
72 73 -50.0
72 74 -50.0
72 80 -50.0
72 81 -50.0
72 82 -50.0
72 83 -50.0
72 84 -50.0
72 91 -50.0
72 92 -50.0
72 93 -50.0
73 52 -50.0
73 53 -50.0
73 54 -50.0
73 61 -50.0
73 62 -50.0
73 63 -50.0
73 64 -50.0
73 65 -50.0
73 71 -50.0
73 72 -50.0
73 74 -50.0
73 75 -50.0
73 81 -50.0
73 82 -50.0
73 83 -50.0
73 84 -50.0
73 85 -50.0
73 92 -50.0
73 93 -50.0
73 94 -50.0
74 53 -50.0
74 54 -50.0
74 55 -50.0
74 62 -50.0
74 63 -50.0
74 64 -50.0
74 65 -50.0
74 66 -50.0
74 72 -50.0
74 73 -50.0
74 75 -50.0
74 76 -50.0
74 82 -50.0
74 83 -50.0
74 84 -50.0
74 85 -50.0
74 86 -50.0
74 93 -50.0
74 94 -50.0
74 95 -50.0
75 54 -50.0
75 55 -50.0
75 56 -50.0
75 63 -50.0
75 64 -50.0
75 65 -50.0
75 66 -50.0
75 67 -50.0
75 73 -50.0
75 74 -50.0
75 76 -50.0
75 77 -50.0
75 83 -50.0
75 84 -50.0
75 85 -50.0
75 86 -50.0
75 87 -50.0
75 94 -50.0
75 95 -50.0
75 96 -50.0
76 55 -50.0
76 56 -50.0
76 57 -50.0
76 64 -50.0
76 65 -50.0
76 66 -50.0
76 67 -50.0
76 68 -50.0
76 74 -50.0
76 75 -50.0
76 77 -50.0
76 78 -50.0
76 84 -50.0
76 85 -50.0
76 86 -50.0
76 87 -50.0
76 88 -50.0
76 95 -50.0
76 96 -50.0
76 97 -50.0
77 56 -50.0
77 57 -50.0
77 58 -50.0
77 65 -50.0
77 66 -50.0
77 67 -50.0
77 68 -50.0
77 69 -50.0
77 75 -50.0
77 76 -50.0
77 78 -50.0
77 79 -50.0
77 85 -50.0
77 86 -50.0
77 87 -50.0
77 88 -50.0
77 89 -50.0
77 96 -50.0
77 97 -50.0
77 98 -50.0
78 57 -50.0
78 58 -50.0
78 59 -50.0
78 66 -50.0
78 67 -50.0
78 68 -50.0
78 69 -50.0
78 76 -50.0
78 77 -50.0
78 79 -50.0
78 86 -50.0
78 87 -50.0
78 88 -50.0
78 89 -50.0
78 97 -50.0
78 98 -50.0
78 99 -50.0
79 58 -50.0
79 59 -50.0
79 67 -50.0
79 68 -50.0
79 69 -50.0
79 77 -50.0
79 78 -50.0
79 87 -50.0
79 88 -50.0
79 89 -50.0
79 98 -50.0
79 99 -50.0
80 60 -50.0
80 61 -50.0
80 70 -50.0
80 71 -50.0
80 72 -50.0
80 81 -50.0
80 82 -50.0
80 90 -50.0
80 91 -50.0
80 92 -50.0
81 60 -50.0
81 61 -50.0
81 62 -50.0
81 70 -50.0
81 71 -50.0
81 72 -50.0
81 73 -50.0
81 80 -50.0
81 82 -50.0
81 83 -50.0
81 90 -50.0
81 91 -50.0
81 92 -50.0
81 93 -50.0
82 61 -50.0
82 62 -50.0
82 63 -50.0
82 70 -50.0
82 71 -50.0
82 72 -50.0
82 73 -50.0
82 74 -50.0
82 80 -50.0
82 81 -50.0
82 83 -50.0
82 84 -50.0
82 90 -50.0
82 91 -50.0
82 92 -50.0
82 93 -50.0
82 94 -50.0
83 62 -50.0
83 63 -50.0
83 64 -50.0
83 71 -50.0
83 72 -50.0
83 73 -50.0
83 74 -50.0
83 75 -50.0
83 81 -50.0
83 82 -50.0
83 84 -50.0
83 85 -50.0
83 91 -50.0
83 92 -50.0
83 93 -50.0
83 94 -50.0
83 95 -50.0
84 63 -50.0
84 64 -50.0
84 65 -50.0
84 72 -50.0
84 73 -50.0
84 74 -50.0
84 75 -50.0
84 76 -50.0
84 82 -50.0
84 83 -50.0
84 85 -50.0
84 86 -50.0
84 92 -50.0
84 93 -50.0
84 94 -50.0
84 95 -50.0
84 96 -50.0
85 64 -50.0
85 65 -50.0
85 66 -50.0
85 73 -50.0
85 74 -50.0
85 75 -50.0
85 76 -50.0
85 77 -50.0
85 83 -50.0
85 84 -50.0
85 86 -50.0
85 87 -50.0
85 93 -50.0
85 94 -50.0
85 95 -50.0
85 96 -50.0
85 97 -50.0
86 65 -50.0
86 66 -50.0
86 67 -50.0
86 74 -50.0
86 75 -50.0
86 76 -50.0
86 77 -50.0
86 78 -50.0
86 84 -50.0
86 85 -50.0
86 87 -50.0
86 88 -50.0
86 94 -50.0
86 95 -50.0
86 96 -50.0
86 97 -50.0
86 98 -50.0
87 66 -50.0
87 67 -50.0
87 68 -50.0
87 75 -50.0
87 76 -50.0
87 77 -50.0
87 78 -50.0
87 79 -50.0
87 85 -50.0
87 86 -50.0
87 88 -50.0
87 89 -50.0
87 95 -50.0
87 96 -50.0
87 97 -50.0
87 98 -50.0
87 99 -50.0
88 67 -50.0
88 68 -50.0
88 69 -50.0
88 76 -50.0
88 77 -50.0
88 78 -50.0
88 79 -50.0
88 86 -50.0
88 87 -50.0
88 89 -50.0
88 96 -50.0
88 97 -50.0
88 98 -50.0
88 99 -50.0
89 68 -50.0
89 69 -50.0
89 77 -50.0
89 78 -50.0
89 79 -50.0
89 87 -50.0
89 88 -50.0
89 97 -50.0
89 98 -50.0
89 99 -50.0
90 70 -50.0
90 71 -50.0
90 80 -50.0
90 81 -50.0
90 82 -50.0
90 91 -50.0
90 92 -50.0
91 70 -50.0
91 71 -50.0
91 72 -50.0
91 80 -50.0
91 81 -50.0
91 82 -50.0
91 83 -50.0
91 90 -50.0
91 92 -50.0
91 93 -50.0
92 71 -50.0
92 72 -50.0
92 73 -50.0
92 80 -50.0
92 81 -50.0
92 82 -50.0
92 83 -50.0
92 84 -50.0
92 90 -50.0
92 91 -50.0
92 93 -50.0
92 94 -50.0
93 72 -50.0
93 73 -50.0
93 74 -50.0
93 81 -50.0
93 82 -50.0
93 83 -50.0
93 84 -50.0
93 85 -50.0
93 91 -50.0
93 92 -50.0
93 94 -50.0
93 95 -50.0
94 73 -50.0
94 74 -50.0
94 75 -50.0
94 82 -50.0
94 83 -50.0
94 84 -50.0
94 85 -50.0
94 86 -50.0
94 92 -50.0
94 93 -50.0
94 95 -50.0
94 96 -50.0
95 74 -50.0
95 75 -50.0
95 76 -50.0
95 83 -50.0
95 84 -50.0
95 85 -50.0
95 86 -50.0
95 87 -50.0
95 93 -50.0
95 94 -50.0
95 96 -50.0
95 97 -50.0
96 75 -50.0
96 76 -50.0
96 77 -50.0
96 84 -50.0
96 85 -50.0
96 86 -50.0
96 87 -50.0
96 88 -50.0
96 94 -50.0
96 95 -50.0
96 97 -50.0
96 98 -50.0
97 76 -50.0
97 77 -50.0
97 78 -50.0
97 85 -50.0
97 86 -50.0
97 87 -50.0
97 88 -50.0
97 89 -50.0
97 95 -50.0
97 96 -50.0
97 98 -50.0
97 99 -50.0
98 77 -50.0
98 78 -50.0
98 79 -50.0
98 86 -50.0
98 87 -50.0
98 88 -50.0
98 89 -50.0
98 96 -50.0
98 97 -50.0
98 99 -50.0
99 78 -50.0
99 79 -50.0
99 87 -50.0
99 88 -50.0
99 89 -50.0
99 97 -50.0
99 98 -50.0
