0 1 -50.0
0 2 -50.0
0 4 -50.0
0 5 -50.0
0 6 -50.0
0 8 -50.0
0 9 -50.0
1 0 -50.0
1 2 -50.0
1 3 -50.0
1 4 -50.0
1 5 -50.0
1 6 -50.0
1 7 -50.0
1 8 -50.0
1 9 -50.0
1 10 -50.0
2 0 -50.0
2 1 -50.0
2 3 -50.0
2 4 -50.0
2 5 -50.0
2 6 -50.0
2 7 -50.0
2 9 -50.0
2 10 -50.0
2 11 -50.0
3 1 -50.0
3 2 -50.0
3 5 -50.0
3 6 -50.0
3 7 -50.0
3 10 -50.0
3 11 -50.0
4 0 -50.0
4 1 -50.0
4 2 -50.0
4 5 -50.0
4 6 -50.0
4 8 -50.0
4 9 -50.0
4 10 -50.0
4 12 -50.0
4 13 -50.0
5 0 -50.0
5 1 -50.0
5 2 -50.0
5 3 -50.0
5 4 -50.0
5 6 -50.0
5 7 -50.0
5 8 -50.0
5 9 -50.0
5 10 -50.0
5 11 -50.0
5 12 -50.0
5 13 -50.0
5 14 -50.0
6 0 -50.0
6 1 -50.0
6 2 -50.0
6 3 -50.0
6 4 -50.0
6 5 -50.0
6 7 -50.0
6 8 -50.0
6 9 -50.0
6 10 -50.0
6 11 -50.0
6 13 -50.0
6 14 -50.0
6 15 -50.0
7 1 -50.0
7 2 -50.0
7 3 -50.0
7 5 -50.0
7 6 -50.0
7 9 -50.0
7 10 -50.0
7 11 -50.0
7 14 -50.0
7 15 -50.0
8 0 -50.0
8 1 -50.0
8 4 -50.0
8 5 -50.0
8 6 -50.0
8 9 -50.0
8 10 -50.0
8 12 -50.0
8 13 -50.0
8 14 -50.0
9 0 -50.0
9 1 -50.0
9 2 -50.0
9 4 -50.0
9 5 -50.0
9 6 -50.0
9 7 -50.0
9 8 -50.0
9 10 -50.0
9 11 -50.0
9 12 -50.0
9 13 -50.0
9 14 -50.0
9 15 -50.0
10 1 -50.0
10 2 -50.0
10 3 -50.0
10 4 -50.0
10 5 -50.0
10 6 -50.0
10 7 -50.0
10 8 -50.0
10 9 -50.0
10 11 -50.0
10 12 -50.0
10 13 -50.0
10 14 -50.0
10 15 -50.0
11 2 -50.0
11 3 -50.0
11 5 -50.0
11 6 -50.0
11 7 -50.0
11 9 -50.0
11 10 -50.0
11 13 -50.0
11 14 -50.0
11 15 -50.0
12 4 -50.0
12 5 -50.0
12 8 -50.0
12 9 -50.0
12 10 -50.0
12 13 -50.0
12 14 -50.0
13 4 -50.0
13 5 -50.0
13 6 -50.0
13 8 -50.0
13 9 -50.0
13 10 -50.0
13 11 -50.0
13 12 -50.0
13 14 -50.0
13 15 -50.0
14 5 -50.0
14 6 -50.0
14 7 -50.0
14 8 -50.0
14 9 -50.0
14 10 -50.0
14 11 -50.0
14 12 -50.0
14 13 -50.0
14 15 -50.0
15 6 -50.0
15 7 -50.0
15 9 -50.0
15 10 -50.0
15 11 -50.0
15 13 -50.0
15 14 -50.0
